     ALT          P          T          FH2O           O3           THEAT        TCOOL        PSATCO2        FCO2
1.1004E+02  1.1585E-08 2.0000E+02    1.6568E-06    0.0000E+00    0.0000E+00    0.0000E+00    1.5785E+00    3.3000E-04
1.0828E+02  1.5532E-08 2.0000E+02    1.6568E-06    0.0000E+00    0.0000E+00    0.0000E+00    1.5785E+00    3.3000E-04
1.0653E+02  2.0778E-08 2.0000E+02    1.6568E-06    0.0000E+00    0.0000E+00    0.0000E+00    1.5785E+00    3.3000E-04
1.0479E+02  2.7733E-08 2.0000E+02    1.6568E-06    0.0000E+00    0.0000E+00    0.0000E+00    1.5785E+00    3.3000E-04
1.0306E+02  3.6933E-08 2.0000E+02    1.6568E-06    0.0000E+00    0.0000E+00    0.0000E+00    1.5785E+00    3.3000E-04
1.0135E+02  4.9078E-08 2.0000E+02    1.6568E-06    0.0000E+00    0.0000E+00    0.0000E+00    1.5785E+00    3.3000E-04
9.9651E+01  6.5070E-08 2.0000E+02    1.6568E-06    0.0000E+00    0.0000E+00    0.0000E+00    1.5785E+00    3.3000E-04
9.7966E+01  8.6083E-08 2.0000E+02    1.6568E-06    0.0000E+00    0.0000E+00    0.0000E+00    1.5785E+00    3.3000E-04
9.6294E+01  1.1363E-07 2.0000E+02    1.6568E-06    0.0000E+00    0.0000E+00    0.0000E+00    1.5785E+00    3.3000E-04
9.4636E+01  1.4965E-07 2.0000E+02    1.6568E-06    0.0000E+00    0.0000E+00    0.0000E+00    1.5785E+00    3.3000E-04
9.2991E+01  1.9666E-07 2.0000E+02    1.6568E-06    0.0000E+00    0.0000E+00    0.0000E+00    1.5785E+00    3.3000E-04
9.1359E+01  2.5786E-07 2.0000E+02    1.6568E-06    0.0000E+00    0.0000E+00    0.0000E+00    1.5785E+00    3.3000E-04
8.9741E+01  3.3736E-07 2.0000E+02    1.6568E-06    0.0000E+00    0.0000E+00    0.0000E+00    1.5785E+00    3.3000E-04
8.8136E+01  4.4038E-07 2.0000E+02    1.6568E-06    0.0000E+00    0.0000E+00    0.0000E+00    1.5785E+00    3.3000E-04
8.6545E+01  5.7359E-07 2.0000E+02    1.6568E-06    0.0000E+00    0.0000E+00    0.0000E+00    1.5785E+00    3.3000E-04
8.4967E+01  7.4543E-07 2.0000E+02    1.6568E-06    0.0000E+00    0.0000E+00    0.0000E+00    1.5785E+00    3.3000E-04
8.3402E+01  9.6660E-07 2.0000E+02    1.6568E-06    0.0000E+00    0.0000E+00    0.0000E+00    1.5785E+00    3.3000E-04
8.1851E+01  1.2506E-06 2.0000E+02    1.6568E-06    0.0000E+00    0.0000E+00    0.0000E+00    1.5785E+00    3.3000E-04
8.0313E+01  1.6145E-06 2.0000E+02    1.6568E-06    0.0000E+00    0.0000E+00    0.0000E+00    1.5785E+00    3.3000E-04
7.8789E+01  2.0796E-06 2.0000E+02    1.6568E-06    0.0000E+00    0.0000E+00    0.0000E+00    1.5785E+00    3.3000E-04
7.7278E+01  2.6727E-06 2.0000E+02    1.6568E-06    0.0000E+00    0.0000E+00    0.0000E+00    1.5785E+00    3.3000E-04
7.5780E+01  3.4274E-06 2.0000E+02    1.6568E-06    0.0000E+00    0.0000E+00    0.0000E+00    1.5785E+00    3.3000E-04
7.4296E+01  4.3854E-06 2.0000E+02    1.6568E-06    0.0000E+00    0.0000E+00    0.0000E+00    1.5785E+00    3.3000E-04
7.2825E+01  5.5987E-06 2.0000E+02    1.6568E-06    0.0000E+00    0.0000E+00    0.0000E+00    1.5785E+00    3.3000E-04
7.1367E+01  7.1318E-06 2.0000E+02    1.6568E-06    0.0000E+00    0.0000E+00    0.0000E+00    1.5785E+00    3.3000E-04
6.9923E+01  9.0646E-06 2.0000E+02    1.6568E-06    0.0000E+00    0.0000E+00    0.0000E+00    1.5785E+00    3.3000E-04
6.8492E+01  1.1496E-05 2.0000E+02    1.6568E-06    0.0000E+00    0.0000E+00    0.0000E+00    1.5785E+00    3.3000E-04
6.7075E+01  1.4546E-05 2.0000E+02    1.6568E-06    0.0000E+00    0.0000E+00    0.0000E+00    1.5785E+00    3.3000E-04
6.5671E+01  1.8365E-05 2.0000E+02    1.6568E-06    0.0000E+00    0.0000E+00    0.0000E+00    1.5785E+00    3.3000E-04
6.4281E+01  2.3136E-05 2.0000E+02    1.6568E-06    0.0000E+00    0.0000E+00    0.0000E+00    1.5785E+00    3.3000E-04
6.2904E+01  2.9080E-05 2.0000E+02    1.6568E-06    0.0000E+00    0.0000E+00    0.0000E+00    1.5785E+00    3.3000E-04
6.1540E+01  3.6471E-05 2.0000E+02    1.6568E-06    0.0000E+00    0.0000E+00    0.0000E+00    1.5785E+00    3.3000E-04
6.0190E+01  4.5639E-05 2.0000E+02    1.6568E-06    0.0000E+00    0.0000E+00    0.0000E+00    1.5785E+00    3.3000E-04
5.8853E+01  5.6985E-05 2.0000E+02    1.6568E-06    0.0000E+00    0.0000E+00    0.0000E+00    1.5785E+00    3.3000E-04
5.7529E+01  7.0993E-05 2.0000E+02    1.6568E-06    0.0000E+00    0.0000E+00    0.0000E+00    1.5785E+00    3.3000E-04
5.6219E+01  8.8248E-05 2.0000E+02    1.6568E-06    0.0000E+00    0.0000E+00    0.0000E+00    1.5785E+00    3.3000E-04
5.4922E+01  1.0945E-04 2.0000E+02    1.6568E-06    0.0000E+00    0.0000E+00    0.0000E+00    1.5785E+00    3.3000E-04
5.3639E+01  1.3545E-04 2.0000E+02    1.6568E-06    0.0000E+00    0.0000E+00    0.0000E+00    1.5785E+00    3.3000E-04
5.2369E+01  1.6725E-04 2.0000E+02    1.6568E-06    0.0000E+00    0.0000E+00    0.0000E+00    1.5785E+00    3.3000E-04
5.1112E+01  2.0607E-04 2.0000E+02    1.6568E-06    0.0000E+00    0.0000E+00    0.0000E+00    1.5785E+00    3.3000E-04
4.9869E+01  2.5332E-04 2.0000E+02    1.6568E-06    0.0000E+00    0.0000E+00    0.0000E+00    1.5785E+00    3.3000E-04
4.8639E+01  3.1071E-04 2.0000E+02    1.6568E-06    0.0000E+00    0.0000E+00    0.0000E+00    1.5785E+00    3.3000E-04
4.7423E+01  3.8027E-04 2.0000E+02    1.6568E-06    0.0000E+00    0.0000E+00    0.0000E+00    1.5785E+00    3.3000E-04
4.6220E+01  4.6436E-04 2.0000E+02    1.6568E-06    0.0000E+00    0.0000E+00    0.0000E+00    1.5785E+00    3.3000E-04
4.5030E+01  5.6578E-04 2.0000E+02    1.6568E-06    0.0000E+00    0.0000E+00    0.0000E+00    1.5785E+00    3.3000E-04
4.3854E+01  6.8783E-04 2.0000E+02    1.6568E-06    0.0000E+00    0.0000E+00    0.0000E+00    1.5785E+00    3.3000E-04
4.2691E+01  8.3435E-04 2.0000E+02    1.6568E-06    0.0000E+00    0.0000E+00    0.0000E+00    1.5785E+00    3.3000E-04
4.1541E+01  1.0098E-03 2.0000E+02    1.6568E-06    0.0000E+00    0.0000E+00    0.0000E+00    1.5785E+00    3.3000E-04
4.0405E+01  1.2195E-03 2.0000E+02    1.6568E-06    0.0000E+00    0.0000E+00    0.0000E+00    1.5785E+00    3.3000E-04
3.9283E+01  1.4694E-03 2.0000E+02    1.6568E-06    0.0000E+00    0.0000E+00    0.0000E+00    1.5785E+00    3.3000E-04
3.8173E+01  1.7666E-03 2.0000E+02    1.6568E-06    0.0000E+00    0.0000E+00    0.0000E+00    1.5785E+00    3.3000E-04
3.7077E+01  2.1193E-03 2.0000E+02    1.6568E-06    0.0000E+00    0.0000E+00    0.0000E+00    1.5785E+00    3.3000E-04
3.5995E+01  2.5366E-03 2.0000E+02    1.6568E-06    0.0000E+00    0.0000E+00    0.0000E+00    1.5785E+00    3.3000E-04
3.4926E+01  3.0294E-03 2.0000E+02    1.6568E-06    0.0000E+00    0.0000E+00    0.0000E+00    1.5785E+00    3.3000E-04
3.3870E+01  3.6099E-03 2.0000E+02    1.6568E-06    0.0000E+00    0.0000E+00    0.0000E+00    1.5785E+00    3.3000E-04
3.2828E+01  4.2921E-03 2.0000E+02    1.6568E-06    0.0000E+00    0.0000E+00    0.0000E+00    1.5785E+00    3.3000E-04
3.1799E+01  5.0919E-03 2.0000E+02    1.6568E-06    0.0000E+00    0.0000E+00    0.0000E+00    1.5785E+00    3.3000E-04
3.0783E+01  6.0273E-03 2.0000E+02    1.6568E-06    0.0000E+00    0.0000E+00    0.0000E+00    1.5785E+00    3.3000E-04
2.9781E+01  7.1187E-03 2.0000E+02    1.6568E-06    0.0000E+00    0.0000E+00    0.0000E+00    1.5785E+00    3.3000E-04
2.8792E+01  8.3890E-03 2.0000E+02    1.6568E-06    0.0000E+00    0.0000E+00    0.0000E+00    1.5785E+00    3.3000E-04
2.7817E+01  9.8640E-03 2.0000E+02    1.6568E-06    0.0000E+00    0.0000E+00    0.0000E+00    1.5785E+00    3.3000E-04
2.6855E+01  1.1573E-02 2.0000E+02    1.6568E-06    0.0000E+00    0.0000E+00    0.0000E+00    1.5785E+00    3.3000E-04
2.5906E+01  1.3547E-02 2.0000E+02    1.6568E-06    0.0000E+00    0.0000E+00    0.0000E+00    1.5785E+00    3.3000E-04
2.4971E+01  1.5823E-02 2.0000E+02    1.6568E-06    0.0000E+00    0.0000E+00    0.0000E+00    1.5785E+00    3.3000E-04
2.4049E+01  1.8440E-02 2.0000E+02    1.6568E-06    0.0000E+00    0.0000E+00    0.0000E+00    1.5785E+00    3.3000E-04
2.3141E+01  2.1443E-02 2.0000E+02    1.6568E-06    0.0000E+00    0.0000E+00    0.0000E+00    1.5785E+00    3.3000E-04
2.2246E+01  2.4879E-02 2.0000E+02    1.6568E-06    0.0000E+00    0.0000E+00    0.0000E+00    1.5785E+00    3.3000E-04
2.1364E+01  2.8802E-02 2.0000E+02    1.6568E-06    0.0000E+00    0.0000E+00    0.0000E+00    1.5785E+00    3.3000E-04
2.0496E+01  3.3269E-02 2.0000E+02    1.6568E-06    0.0000E+00    0.0000E+00    0.0000E+00    1.5785E+00    3.3000E-04
1.9641E+01  3.8343E-02 2.0000E+02    1.6568E-06    0.0000E+00    0.0000E+00    0.0000E+00    1.5785E+00    3.3000E-04
1.8800E+01  4.4093E-02 2.0000E+02    1.6568E-06    0.0000E+00    0.0000E+00    0.0000E+00    1.5785E+00    3.3000E-04
1.7972E+01  5.0593E-02 2.0000E+02    1.6568E-06    0.0000E+00    0.0000E+00    0.0000E+00    1.5785E+00    3.3000E-04
1.7157E+01  5.7922E-02 2.0000E+02    1.6568E-06    0.0000E+00    0.0000E+00    0.0000E+00    1.5785E+00    3.3000E-04
1.6356E+01  6.6166E-02 2.0000E+02    1.6568E-06    0.0000E+00    0.0000E+00    0.0000E+00    1.5785E+00    3.3000E-04
1.5568E+01  7.5415E-02 2.0000E+02    1.6568E-06    0.0000E+00    0.0000E+00    0.0000E+00    1.5785E+00    3.3000E-04
1.4793E+01  8.5766E-02 2.0000E+02    1.6568E-06    0.0000E+00    0.0000E+00    0.0000E+00    1.5785E+00    3.3000E-04
1.4032E+01  9.7321E-02 2.0000E+02    1.6568E-06    0.0000E+00    0.0000E+00    0.0000E+00    1.5785E+00    3.3000E-04
1.3285E+01  1.1019E-01 2.0000E+02    1.6568E-06    0.0000E+00    0.0000E+00    0.0000E+00    1.5785E+00    3.3000E-04
1.2550E+01  1.2448E-01 2.0000E+02    1.6568E-06    0.0000E+00    0.0000E+00    0.0000E+00    1.5785E+00    3.3000E-04
1.1829E+01  1.4031E-01 2.0000E+02    1.6568E-06    0.0000E+00    0.0000E+00    0.0000E+00    1.5785E+00    3.3000E-04
1.1122E+01  1.5780E-01 2.0000E+02    1.6568E-06    0.0000E+00    0.0000E+00    0.0000E+00    1.5785E+00    3.3000E-04
1.0428E+01  1.7708E-01 2.0000E+02    1.6568E-06    0.0000E+00    0.0000E+00    0.0000E+00    1.5785E+00    3.3000E-04
9.7470E+00  1.9828E-01 2.0000E+02    1.6568E-06    0.0000E+00    0.0000E+00    0.0000E+00    1.5785E+00    3.3000E-04
9.0797E+00  2.2151E-01 2.0000E+02    1.6568E-06    0.0000E+00    0.0000E+00    0.0000E+00    1.5785E+00    3.3000E-04
8.4257E+00  2.4692E-01 2.0000E+02    1.6568E-06    0.0000E+00    0.0000E+00    0.0000E+00    1.5785E+00    3.3000E-04
7.7851E+00  2.7464E-01 2.0000E+02    1.6568E-06    0.0000E+00    0.0000E+00    0.0000E+00    1.5785E+00    3.3000E-04
7.1579E+00  3.0479E-01 2.0000E+02    1.6568E-06    0.0000E+00    0.0000E+00    0.0000E+00    1.5785E+00    3.3000E-04
6.5441E+00  3.3749E-01 2.0000E+02    1.6568E-06    0.0000E+00    0.0000E+00    0.0000E+00    1.5785E+00    3.3000E-04
5.9437E+00  3.7287E-01 2.0000E+02    1.6568E-06    0.0000E+00    0.0000E+00    0.0000E+00    1.5785E+00    3.3000E-04
5.3567E+00  4.1105E-01 2.0000E+02    1.6568E-06    0.0000E+00    0.0000E+00    0.0000E+00    1.5785E+00    3.3000E-04
4.7831E+00  4.5213E-01 2.0000E+02    1.6568E-06    0.0000E+00    0.0000E+00    0.0000E+00    1.5785E+00    3.3000E-04
4.2229E+00  4.9622E-01 2.0000E+02    1.6568E-06    0.0000E+00    0.0000E+00    0.0000E+00    1.5785E+00    3.3000E-04
3.6761E+00  5.4339E-01 2.0000E+02    1.6568E-06    0.0000E+00    0.0000E+00    0.0000E+00    1.5785E+00    3.3000E-04
3.1426E+00  5.9372E-01 2.0000E+02    1.6568E-06    0.0000E+00    0.0000E+00    0.0000E+00    1.5785E+00    3.3000E-04
2.6226E+00  6.4727E-01 2.0000E+02    1.6568E-06    0.0000E+00    0.0000E+00    0.0000E+00    1.5785E+00    3.3000E-04
2.1159E+00  7.0409E-01 2.0000E+02    1.6568E-06    0.0000E+00    0.0000E+00    0.0000E+00    1.5785E+00    3.3000E-04
1.6226E+00  7.6419E-01 2.0000E+02    1.6568E-06    0.0000E+00    0.0000E+00    0.0000E+00    1.5785E+00    3.3000E-04
1.1428E+00  8.2758E-01 2.0000E+02    1.6568E-06    0.0000E+00    0.0000E+00    0.0000E+00    1.5785E+00    3.3000E-04
6.7629E-01  8.9424E-01 2.0000E+02    1.6568E-06    0.0000E+00    0.0000E+00    0.0000E+00    1.5785E+00    3.3000E-04
2.2320E-01  9.6412E-01 2.0000E+02    1.6568E-06    0.0000E+00    0.0000E+00    0.0000E+00    1.5785E+00    3.3000E-04
0.0000E+00  1.0005E+00 2.0000E+02    1.6568E-06    0.0000E+00    0.0000E+00    0.0000E+00    1.5785E+00    3.3000E-04

     ALT          P          T          FH2O           O3           THEAT        TCOOL        PSATCO2        FCO2
1.1386E+02  1.1586E-08 2.0000E+02    1.4559E-05    0.0000E+00    0.0000E+00    0.0000E+00    1.5785E+00    3.3000E-04
1.1203E+02  1.5536E-08 2.0000E+02    1.4559E-05    0.0000E+00    0.0000E+00    0.0000E+00    1.5785E+00    3.3000E-04
1.1022E+02  2.0786E-08 2.0000E+02    1.4559E-05    0.0000E+00    0.0000E+00    0.0000E+00    1.5785E+00    3.3000E-04
1.0842E+02  2.7748E-08 2.0000E+02    1.4559E-05    0.0000E+00    0.0000E+00    0.0000E+00    1.5785E+00    3.3000E-04
1.0663E+02  3.6960E-08 2.0000E+02    1.4559E-05    0.0000E+00    0.0000E+00    0.0000E+00    1.5785E+00    3.3000E-04
1.0486E+02  4.9120E-08 2.0000E+02    1.4559E-05    0.0000E+00    0.0000E+00    0.0000E+00    1.5785E+00    3.3000E-04
1.0311E+02  6.5136E-08 2.0000E+02    1.4559E-05    0.0000E+00    0.0000E+00    0.0000E+00    1.5785E+00    3.3000E-04
1.0137E+02  8.6183E-08 2.0000E+02    1.4559E-05    0.0000E+00    0.0000E+00    0.0000E+00    1.5785E+00    3.3000E-04
9.9641E+01  1.1378E-07 2.0000E+02    1.4559E-05    0.0000E+00    0.0000E+00    0.0000E+00    1.5785E+00    3.3000E-04
9.7930E+01  1.4987E-07 2.0000E+02    1.4559E-05    0.0000E+00    0.0000E+00    0.0000E+00    1.5785E+00    3.3000E-04
9.6233E+01  1.9698E-07 2.0000E+02    1.4559E-05    0.0000E+00    0.0000E+00    0.0000E+00    1.5785E+00    3.3000E-04
9.4552E+01  2.5832E-07 2.0000E+02    1.4559E-05    0.0000E+00    0.0000E+00    0.0000E+00    1.5785E+00    3.3000E-04
9.2885E+01  3.3800E-07 2.0000E+02    1.4559E-05    0.0000E+00    0.0000E+00    0.0000E+00    1.5785E+00    3.3000E-04
9.1233E+01  4.4129E-07 2.0000E+02    1.4559E-05    0.0000E+00    0.0000E+00    0.0000E+00    1.5785E+00    3.3000E-04
8.9595E+01  5.7485E-07 2.0000E+02    1.4559E-05    0.0000E+00    0.0000E+00    0.0000E+00    1.5785E+00    3.3000E-04
8.7972E+01  7.4717E-07 2.0000E+02    1.4559E-05    0.0000E+00    0.0000E+00    0.0000E+00    1.5785E+00    3.3000E-04
8.6363E+01  9.6900E-07 2.0000E+02    1.4559E-05    0.0000E+00    0.0000E+00    0.0000E+00    1.5785E+00    3.3000E-04
8.4769E+01  1.2539E-06 2.0000E+02    1.4559E-05    0.0000E+00    0.0000E+00    0.0000E+00    1.5785E+00    3.3000E-04
8.3190E+01  1.6189E-06 2.0000E+02    1.4559E-05    0.0000E+00    0.0000E+00    0.0000E+00    1.5785E+00    3.3000E-04
8.1625E+01  2.0856E-06 2.0000E+02    1.4559E-05    0.0000E+00    0.0000E+00    0.0000E+00    1.5785E+00    3.3000E-04
8.0075E+01  2.6808E-06 2.0000E+02    1.4559E-05    0.0000E+00    0.0000E+00    0.0000E+00    1.5785E+00    3.3000E-04
7.8539E+01  3.4382E-06 2.0000E+02    1.4559E-05    0.0000E+00    0.0000E+00    0.0000E+00    1.5785E+00    3.3000E-04
7.7018E+01  4.3999E-06 2.0000E+02    1.4559E-05    0.0000E+00    0.0000E+00    0.0000E+00    1.5785E+00    3.3000E-04
7.5511E+01  5.6179E-06 2.0000E+02    1.4559E-05    0.0000E+00    0.0000E+00    0.0000E+00    1.5785E+00    3.3000E-04
7.4018E+01  7.1572E-06 2.0000E+02    1.4559E-05    0.0000E+00    0.0000E+00    0.0000E+00    1.5785E+00    3.3000E-04
7.2540E+01  9.0981E-06 2.0000E+02    1.4559E-05    0.0000E+00    0.0000E+00    0.0000E+00    1.5785E+00    3.3000E-04
7.1076E+01  1.1540E-05 2.0000E+02    1.4559E-05    0.0000E+00    0.0000E+00    0.0000E+00    1.5785E+00    3.3000E-04
6.9627E+01  1.4604E-05 2.0000E+02    1.4559E-05    0.0000E+00    0.0000E+00    0.0000E+00    1.5785E+00    3.3000E-04
6.8192E+01  1.8440E-05 2.0000E+02    1.4559E-05    0.0000E+00    0.0000E+00    0.0000E+00    1.5785E+00    3.3000E-04
6.6771E+01  2.3233E-05 2.0000E+02    1.4559E-05    0.0000E+00    0.0000E+00    0.0000E+00    1.5785E+00    3.3000E-04
6.5364E+01  2.9206E-05 2.0000E+02    1.4559E-05    0.0000E+00    0.0000E+00    0.0000E+00    1.5785E+00    3.3000E-04
6.3972E+01  3.6634E-05 2.0000E+02    1.4559E-05    0.0000E+00    0.0000E+00    0.0000E+00    1.5785E+00    3.3000E-04
6.2594E+01  4.5848E-05 2.0000E+02    1.4559E-05    0.0000E+00    0.0000E+00    0.0000E+00    1.5785E+00    3.3000E-04
6.1231E+01  5.7253E-05 2.0000E+02    1.4559E-05    0.0000E+00    0.0000E+00    0.0000E+00    1.5785E+00    3.3000E-04
5.9881E+01  7.1335E-05 2.0000E+02    1.4559E-05    0.0000E+00    0.0000E+00    0.0000E+00    1.5785E+00    3.3000E-04
5.8546E+01  8.8684E-05 2.0000E+02    1.4559E-05    0.0000E+00    0.0000E+00    0.0000E+00    1.5785E+00    3.3000E-04
5.7225E+01  1.1001E-04 2.0000E+02    1.4559E-05    0.0000E+00    0.0000E+00    0.0000E+00    1.5785E+00    3.3000E-04
5.5918E+01  1.3615E-04 2.0000E+02    1.4559E-05    0.0000E+00    0.0000E+00    0.0000E+00    1.5785E+00    3.3000E-04
5.4625E+01  1.6814E-04 2.0000E+02    1.4559E-05    0.0000E+00    0.0000E+00    0.0000E+00    1.5785E+00    3.3000E-04
5.3347E+01  2.0718E-04 2.0000E+02    1.4559E-05    0.0000E+00    0.0000E+00    0.0000E+00    1.5785E+00    3.3000E-04
5.2082E+01  2.5471E-04 2.0000E+02    1.4559E-05    0.0000E+00    0.0000E+00    0.0000E+00    1.5785E+00    3.3000E-04
5.0832E+01  3.1246E-04 2.0000E+02    1.4559E-05    0.0000E+00    0.0000E+00    0.0000E+00    1.5785E+00    3.3000E-04
4.9596E+01  3.8245E-04 2.0000E+02    1.4559E-05    0.0000E+00    0.0000E+00    0.0000E+00    1.5785E+00    3.3000E-04
4.8374E+01  4.6707E-04 2.0000E+02    1.4559E-05    0.0000E+00    0.0000E+00    0.0000E+00    1.5785E+00    3.3000E-04
4.7166E+01  5.6915E-04 2.0000E+02    1.4559E-05    0.0000E+00    0.0000E+00    0.0000E+00    1.5785E+00    3.3000E-04
4.5972E+01  6.9199E-04 2.0000E+02    1.4559E-05    0.0000E+00    0.0000E+00    0.0000E+00    1.5785E+00    3.3000E-04
4.4792E+01  8.3949E-04 2.0000E+02    1.4559E-05    0.0000E+00    0.0000E+00    0.0000E+00    1.5785E+00    3.3000E-04
4.3626E+01  1.0162E-03 2.0000E+02    1.4559E-05    0.0000E+00    0.0000E+00    0.0000E+00    1.5785E+00    3.3000E-04
4.2474E+01  1.2273E-03 2.0000E+02    1.4559E-05    0.0000E+00    0.0000E+00    0.0000E+00    1.5785E+00    3.3000E-04
4.1336E+01  1.4789E-03 2.0000E+02    1.4559E-05    0.0000E+00    0.0000E+00    0.0000E+00    1.5785E+00    3.3000E-04
4.0212E+01  1.7783E-03 2.0000E+02    1.4559E-05    0.0000E+00    0.0000E+00    0.0000E+00    1.5785E+00    3.3000E-04
3.9102E+01  2.1334E-03 2.0000E+02    1.4559E-05    0.0000E+00    0.0000E+00    0.0000E+00    1.5785E+00    3.3000E-04
3.8006E+01  2.5538E-03 2.0000E+02    1.4559E-05    0.0000E+00    0.0000E+00    0.0000E+00    1.5785E+00    3.3000E-04
3.6923E+01  3.0502E-03 2.0000E+02    1.4559E-05    0.0000E+00    0.0000E+00    0.0000E+00    1.5785E+00    3.3000E-04
3.5855E+01  3.6351E-03 2.0000E+02    1.4559E-05    0.0000E+00    0.0000E+00    0.0000E+00    1.5785E+00    3.3000E-04
3.4801E+01  4.3224E-03 2.0000E+02    1.4559E-05    0.0000E+00    0.0000E+00    0.0000E+00    1.5785E+00    3.3000E-04
3.3760E+01  5.1283E-03 2.0000E+02    1.4559E-05    0.0000E+00    0.0000E+00    0.0000E+00    1.5785E+00    3.3000E-04
3.2734E+01  6.0709E-03 2.0000E+02    1.4559E-05    0.0000E+00    0.0000E+00    0.0000E+00    1.5785E+00    3.3000E-04
3.1721E+01  7.1708E-03 2.0000E+02    1.4559E-05    0.0000E+00    0.0000E+00    0.0000E+00    1.5785E+00    3.3000E-04
3.0722E+01  8.4512E-03 2.0000E+02    1.4559E-05    0.0000E+00    0.0000E+00    0.0000E+00    1.5785E+00    3.3000E-04
2.9737E+01  9.9380E-03 2.0000E+02    1.4559E-05    0.0000E+00    0.0000E+00    0.0000E+00    1.5785E+00    3.3000E-04
2.8766E+01  1.1660E-02 2.0000E+02    1.4559E-05    0.0000E+00    0.0000E+00    0.0000E+00    1.5785E+00    3.3000E-04
2.7809E+01  1.3651E-02 2.0000E+02    1.4559E-05    0.0000E+00    0.0000E+00    0.0000E+00    1.5785E+00    3.3000E-04
2.6865E+01  1.5946E-02 2.0000E+02    1.4559E-05    0.0000E+00    0.0000E+00    0.0000E+00    1.5785E+00    3.3000E-04
2.5935E+01  1.8585E-02 2.0000E+02    1.4559E-05    0.0000E+00    0.0000E+00    0.0000E+00    1.5785E+00    3.3000E-04
2.5019E+01  2.1613E-02 2.0000E+02    1.4559E-05    0.0000E+00    0.0000E+00    0.0000E+00    1.5785E+00    3.3000E-04
2.4117E+01  2.5078E-02 2.0000E+02    1.4559E-05    0.0000E+00    0.0000E+00    0.0000E+00    1.5785E+00    3.3000E-04
2.3228E+01  2.9035E-02 2.0000E+02    1.4559E-05    0.0000E+00    0.0000E+00    0.0000E+00    1.5785E+00    3.3000E-04
2.2353E+01  3.3541E-02 2.0000E+02    1.4559E-05    0.0000E+00    0.0000E+00    0.0000E+00    1.5785E+00    3.3000E-04
2.1492E+01  3.8659E-02 2.0000E+02    1.4559E-05    0.0000E+00    0.0000E+00    0.0000E+00    1.5785E+00    3.3000E-04
2.0645E+01  4.4460E-02 2.0000E+02    1.4559E-05    0.0000E+00    0.0000E+00    0.0000E+00    1.5785E+00    3.3000E-04
1.9811E+01  5.1018E-02 2.0000E+02    1.4559E-05    0.0000E+00    0.0000E+00    0.0000E+00    1.5785E+00    3.3000E-04
1.8991E+01  5.8413E-02 2.0000E+02    1.4559E-05    0.0000E+00    0.0000E+00    0.0000E+00    1.5785E+00    3.3000E-04
1.8185E+01  6.6732E-02 2.0000E+02    1.4559E-05    0.0000E+00    0.0000E+00    0.0000E+00    1.5785E+00    3.3000E-04
1.7393E+01  7.6065E-02 2.0000E+02    1.4559E-05    0.0000E+00    0.0000E+00    0.0000E+00    1.5785E+00    3.3000E-04
1.6614E+01  8.6511E-02 2.0000E+02    1.4559E-05    0.0000E+00    0.0000E+00    0.0000E+00    1.5785E+00    3.3000E-04
1.5848E+01  9.8173E-02 2.0000E+02    1.4559E-05    0.0000E+00    0.0000E+00    0.0000E+00    1.5785E+00    3.3000E-04
1.5097E+01  1.1116E-01 2.0000E+02    1.4559E-05    0.0000E+00    0.0000E+00    0.0000E+00    1.5785E+00    3.3000E-04
1.4359E+01  1.2558E-01 2.0000E+02    1.4559E-05    0.0000E+00    0.0000E+00    0.0000E+00    1.5785E+00    3.3000E-04
1.3634E+01  1.4157E-01 2.0000E+02    1.4559E-05    0.0000E+00    0.0000E+00    0.0000E+00    1.5785E+00    3.3000E-04
1.2924E+01  1.5923E-01 2.0000E+02    1.4559E-05    0.0000E+00    0.0000E+00    0.0000E+00    1.5785E+00    3.3000E-04
1.2227E+01  1.7869E-01 2.0000E+02    1.4559E-05    0.0000E+00    0.0000E+00    0.0000E+00    1.5785E+00    3.3000E-04
1.1543E+01  2.0009E-01 2.0000E+02    1.4559E-05    0.0000E+00    0.0000E+00    0.0000E+00    1.5785E+00    3.3000E-04
1.0873E+01  2.2355E-01 2.0000E+02    1.4559E-05    0.0000E+00    0.0000E+00    0.0000E+00    1.5785E+00    3.3000E-04
1.0217E+01  2.4921E-01 2.0000E+02    1.4559E-05    0.0000E+00    0.0000E+00    0.0000E+00    1.5785E+00    3.3000E-04
9.5642E+00  2.7720E-01 2.0598E+02    1.4559E-05    0.0000E+00    0.0000E+00    0.0000E+00    2.4791E+00    3.3000E-04
8.9064E+00  3.0765E-01 2.1223E+02    3.1529E-05    0.0000E+00    0.0000E+00    0.0000E+00    3.8660E+00    3.3000E-04
8.2434E+00  3.4068E-01 2.1850E+02    6.5213E-05    0.0000E+00    0.0000E+00    0.0000E+00    5.6289E+00    3.3000E-04
7.5762E+00  3.7641E-01 2.2475E+02    1.2883E-04    0.0000E+00    0.0000E+00    0.0000E+00    7.2821E+00    3.3000E-04
6.9056E+00  4.1498E-01 2.3094E+02    2.4279E-04    0.0000E+00    0.0000E+00    0.0000E+00    9.2543E+00    3.3000E-04
6.2328E+00  4.5647E-01 2.3700E+02    4.3552E-04    0.0000E+00    0.0000E+00    0.0000E+00    1.1548E+01    3.3000E-04
5.5590E+00  5.0100E-01 2.4287E+02    7.4154E-04    0.0000E+00    0.0000E+00    0.0000E+00    1.4143E+01    3.3000E-04
4.8857E+00  5.4866E-01 2.4847E+02    1.1958E-03    0.0000E+00    0.0000E+00    0.0000E+00    1.6994E+01    3.3000E-04
4.2143E+00  5.9950E-01 2.5373E+02    1.8256E-03    0.0000E+00    0.0000E+00    0.0000E+00    2.0038E+01    3.3000E-04
3.5465E+00  6.5361E-01 2.5861E+02    2.6437E-03    0.0000E+00    0.0000E+00    0.0000E+00    2.3205E+01    3.3000E-04
2.8839E+00  7.1102E-01 2.6312E+02    3.6470E-03    0.0000E+00    0.0000E+00    0.0000E+00    2.6436E+01    3.3000E-04
2.2279E+00  7.7174E-01 2.6725E+02    4.8190E-03    0.0000E+00    0.0000E+00    0.0000E+00    2.9682E+01    3.3000E-04
1.5801E+00  8.3580E-01 2.7105E+02    6.1360E-03    0.0000E+00    0.0000E+00    0.0000E+00    3.2912E+01    3.3000E-04
9.4148E-01  9.0315E-01 2.7468E+02    7.6526E-03    0.0000E+00    0.0000E+00    0.0000E+00    3.6240E+01    3.3000E-04
3.1276E-01  9.7377E-01 2.7826E+02    9.0435E-03    0.0000E+00    0.0000E+00    0.0000E+00    3.9764E+01    3.3000E-04
0.0000E+00  1.0106E+00 2.8000E+02    9.9355E-03    0.0000E+00    0.0000E+00    0.0000E+00    4.1560E+01    3.3000E-04

     ALT          P          T          FH2O           O3           THEAT        TCOOL        PSATCO2        FCO2
1.3059E+02  1.1608E-08 2.0000E+02    1.9971E-03    0.0000E+00    0.0000E+00    0.0000E+00    1.5785E+00    3.3000E-04
1.2873E+02  1.5622E-08 2.0000E+02    1.9971E-03    0.0000E+00    0.0000E+00    0.0000E+00    1.5785E+00    3.3000E-04
1.2689E+02  2.0978E-08 2.0000E+02    1.9971E-03    0.0000E+00    0.0000E+00    0.0000E+00    1.5785E+00    3.3000E-04
1.2506E+02  2.8106E-08 2.0000E+02    1.9971E-03    0.0000E+00    0.0000E+00    0.0000E+00    1.5785E+00    3.3000E-04
1.2325E+02  3.7571E-08 2.0000E+02    1.9971E-03    0.0000E+00    0.0000E+00    0.0000E+00    1.5785E+00    3.3000E-04
1.2145E+02  5.0111E-08 2.0000E+02    1.9971E-03    0.0000E+00    0.0000E+00    0.0000E+00    1.5785E+00    3.3000E-04
1.1967E+02  6.6686E-08 2.0000E+02    1.9971E-03    0.0000E+00    0.0000E+00    0.0000E+00    1.5785E+00    3.3000E-04
1.1790E+02  8.8544E-08 2.0000E+02    1.9971E-03    0.0000E+00    0.0000E+00    0.0000E+00    1.5785E+00    3.3000E-04
1.1615E+02  1.1730E-07 2.0000E+02    1.9971E-03    0.0000E+00    0.0000E+00    0.0000E+00    1.5785E+00    3.3000E-04
1.1441E+02  1.5505E-07 2.0000E+02    1.9971E-03    0.0000E+00    0.0000E+00    0.0000E+00    1.5785E+00    3.3000E-04
1.1269E+02  2.0449E-07 2.0000E+02    1.9971E-03    0.0000E+00    0.0000E+00    0.0000E+00    1.5785E+00    3.3000E-04
1.1098E+02  2.6907E-07 2.0000E+02    1.9971E-03    0.0000E+00    0.0000E+00    0.0000E+00    1.5785E+00    3.3000E-04
1.0929E+02  3.5327E-07 2.0000E+02    1.9971E-03    0.0000E+00    0.0000E+00    0.0000E+00    1.5785E+00    3.3000E-04
1.0761E+02  4.6276E-07 2.0000E+02    1.9971E-03    0.0000E+00    0.0000E+00    0.0000E+00    1.5785E+00    3.3000E-04
1.0595E+02  6.0483E-07 2.0000E+02    1.9971E-03    0.0000E+00    0.0000E+00    0.0000E+00    1.5785E+00    3.3000E-04
1.0430E+02  7.8873E-07 2.0000E+02    1.9971E-03    0.0000E+00    0.0000E+00    0.0000E+00    1.5785E+00    3.3000E-04
1.0266E+02  1.0262E-06 2.0000E+02    1.9971E-03    0.0000E+00    0.0000E+00    0.0000E+00    1.5785E+00    3.3000E-04
1.0104E+02  1.3323E-06 2.0000E+02    1.9971E-03    0.0000E+00    0.0000E+00    0.0000E+00    1.5785E+00    3.3000E-04
9.9440E+01  1.7256E-06 2.0000E+02    1.9971E-03    0.0000E+00    0.0000E+00    0.0000E+00    1.5785E+00    3.3000E-04
9.7851E+01  2.2301E-06 2.0000E+02    1.9971E-03    0.0000E+00    0.0000E+00    0.0000E+00    1.5785E+00    3.3000E-04
9.6276E+01  2.8756E-06 2.0000E+02    1.9971E-03    0.0000E+00    0.0000E+00    0.0000E+00    1.5785E+00    3.3000E-04
9.4716E+01  3.6997E-06 2.0000E+02    1.9971E-03    0.0000E+00    0.0000E+00    0.0000E+00    1.5785E+00    3.3000E-04
9.3171E+01  4.7491E-06 2.0000E+02    1.9971E-03    0.0000E+00    0.0000E+00    0.0000E+00    1.5785E+00    3.3000E-04
9.1640E+01  6.0824E-06 2.0000E+02    1.9971E-03    0.0000E+00    0.0000E+00    0.0000E+00    1.5785E+00    3.3000E-04
9.0124E+01  7.7726E-06 2.0000E+02    1.9971E-03    0.0000E+00    0.0000E+00    0.0000E+00    1.5785E+00    3.3000E-04
8.8623E+01  9.9101E-06 2.0000E+02    1.9971E-03    0.0000E+00    0.0000E+00    0.0000E+00    1.5785E+00    3.3000E-04
8.7136E+01  1.2607E-05 2.0000E+02    1.9971E-03    0.0000E+00    0.0000E+00    0.0000E+00    1.5785E+00    3.3000E-04
8.5664E+01  1.6002E-05 2.0000E+02    1.9971E-03    0.0000E+00    0.0000E+00    0.0000E+00    1.5785E+00    3.3000E-04
8.4207E+01  2.0265E-05 2.0000E+02    1.9971E-03    0.0000E+00    0.0000E+00    0.0000E+00    1.5785E+00    3.3000E-04
8.2764E+01  2.5606E-05 2.0000E+02    1.9971E-03    0.0000E+00    0.0000E+00    0.0000E+00    1.5785E+00    3.3000E-04
8.1335E+01  3.2282E-05 2.0000E+02    1.9971E-03    0.0000E+00    0.0000E+00    0.0000E+00    1.5785E+00    3.3000E-04
7.9921E+01  4.0607E-05 2.0000E+02    1.9971E-03    0.0000E+00    0.0000E+00    0.0000E+00    1.5785E+00    3.3000E-04
7.8522E+01  5.0964E-05 2.0000E+02    1.9971E-03    0.0000E+00    0.0000E+00    0.0000E+00    1.5785E+00    3.3000E-04
7.7137E+01  6.3819E-05 2.0000E+02    1.9971E-03    0.0000E+00    0.0000E+00    0.0000E+00    1.5785E+00    3.3000E-04
7.5766E+01  7.9736E-05 2.0000E+02    1.9971E-03    0.0000E+00    0.0000E+00    0.0000E+00    1.5785E+00    3.3000E-04
7.4410E+01  9.9399E-05 2.0000E+02    1.9971E-03    0.0000E+00    0.0000E+00    0.0000E+00    1.5785E+00    3.3000E-04
7.3068E+01  1.2363E-04 2.0000E+02    1.9971E-03    0.0000E+00    0.0000E+00    0.0000E+00    1.5785E+00    3.3000E-04
7.1741E+01  1.5343E-04 2.0000E+02    1.9971E-03    0.0000E+00    0.0000E+00    0.0000E+00    1.5785E+00    3.3000E-04
7.0428E+01  1.8997E-04 2.0000E+02    1.9971E-03    0.0000E+00    0.0000E+00    0.0000E+00    1.5785E+00    3.3000E-04
6.9130E+01  2.3470E-04 2.0000E+02    1.9971E-03    0.0000E+00    0.0000E+00    0.0000E+00    1.5785E+00    3.3000E-04
6.7845E+01  2.8930E-04 2.0000E+02    1.9971E-03    0.0000E+00    0.0000E+00    0.0000E+00    1.5785E+00    3.3000E-04
6.6576E+01  3.5579E-04 2.0000E+02    1.9971E-03    0.0000E+00    0.0000E+00    0.0000E+00    1.5785E+00    3.3000E-04
6.5320E+01  4.3659E-04 2.0000E+02    1.9971E-03    0.0000E+00    0.0000E+00    0.0000E+00    1.5785E+00    3.3000E-04
6.4079E+01  5.3453E-04 2.0000E+02    1.9971E-03    0.0000E+00    0.0000E+00    0.0000E+00    1.5785E+00    3.3000E-04
6.2852E+01  6.5297E-04 2.0000E+02    1.9971E-03    0.0000E+00    0.0000E+00    0.0000E+00    1.5785E+00    3.3000E-04
6.1639E+01  7.9586E-04 2.0000E+02    1.9971E-03    0.0000E+00    0.0000E+00    0.0000E+00    1.5785E+00    3.3000E-04
6.0441E+01  9.6784E-04 2.0000E+02    1.9971E-03    0.0000E+00    0.0000E+00    0.0000E+00    1.5785E+00    3.3000E-04
5.9257E+01  1.1743E-03 2.0000E+02    1.9971E-03    0.0000E+00    0.0000E+00    0.0000E+00    1.5785E+00    3.3000E-04
5.8076E+01  1.4217E-03 2.0357E+02    1.9971E-03    0.0000E+00    0.0000E+00    0.0000E+00    2.0741E+00    3.3000E-04
5.6879E+01  1.7172E-03 2.1044E+02    4.4208E-03    0.0000E+00    0.0000E+00    0.0000E+00    3.4147E+00    3.3000E-04
5.5661E+01  2.0695E-03 2.1595E+02    7.7087E-03    0.0000E+00    0.0000E+00    0.0000E+00    4.9736E+00    3.3000E-04
5.4427E+01  2.4885E-03 2.2053E+02    1.1572E-02    0.0000E+00    0.0000E+00    0.0000E+00    6.1332E+00    3.3000E-04
5.3183E+01  2.9856E-03 2.2452E+02    1.5806E-02    0.0000E+00    0.0000E+00    0.0000E+00    7.2172E+00    3.3000E-04
5.1932E+01  3.5740E-03 2.2811E+02    2.0278E-02    0.0000E+00    0.0000E+00    0.0000E+00    8.3087E+00    3.3000E-04
5.0677E+01  4.2686E-03 2.3140E+02    2.4908E-02    0.0000E+00    0.0000E+00    0.0000E+00    9.4184E+00    3.3000E-04
4.9418E+01  5.0868E-03 2.3449E+02    2.9639E-02    0.0000E+00    0.0000E+00    0.0000E+00    1.0555E+01    3.3000E-04
4.8158E+01  6.0482E-03 2.3743E+02    3.4435E-02    0.0000E+00    0.0000E+00    0.0000E+00    1.1724E+01    3.3000E-04
4.6897E+01  7.1751E-03 2.4024E+02    3.9270E-02    0.0000E+00    0.0000E+00    0.0000E+00    1.2932E+01    3.3000E-04
4.5637E+01  8.4928E-03 2.4295E+02    4.4122E-02    0.0000E+00    0.0000E+00    0.0000E+00    1.4183E+01    3.3000E-04
4.4378E+01  1.0030E-02 2.4559E+02    4.8978E-02    0.0000E+00    0.0000E+00    0.0000E+00    1.5480E+01    3.3000E-04
4.3121E+01  1.1818E-02 2.4816E+02    5.3826E-02    0.0000E+00    0.0000E+00    0.0000E+00    1.6826E+01    3.3000E-04
4.1867E+01  1.3895E-02 2.5067E+02    5.8657E-02    0.0000E+00    0.0000E+00    0.0000E+00    1.8224E+01    3.3000E-04
4.0615E+01  1.6299E-02 2.5314E+02    6.3462E-02    0.0000E+00    0.0000E+00    0.0000E+00    1.9677E+01    3.3000E-04
3.9368E+01  1.9076E-02 2.5556E+02    6.8237E-02    0.0000E+00    0.0000E+00    0.0000E+00    2.1187E+01    3.3000E-04
3.8125E+01  2.2276E-02 2.5795E+02    7.2976E-02    0.0000E+00    0.0000E+00    0.0000E+00    2.2755E+01    3.3000E-04
3.6888E+01  2.5954E-02 2.6031E+02    7.7675E-02    0.0000E+00    0.0000E+00    0.0000E+00    2.4383E+01    3.3000E-04
3.5655E+01  3.0172E-02 2.6263E+02    8.2330E-02    0.0000E+00    0.0000E+00    0.0000E+00    2.6074E+01    3.3000E-04
3.4429E+01  3.4996E-02 2.6494E+02    8.6939E-02    0.0000E+00    0.0000E+00    0.0000E+00    2.7828E+01    3.3000E-04
3.3209E+01  4.0500E-02 2.6721E+02    9.1497E-02    0.0000E+00    0.0000E+00    0.0000E+00    2.9648E+01    3.3000E-04
3.1996E+01  4.6764E-02 2.6946E+02    9.6004E-02    0.0000E+00    0.0000E+00    0.0000E+00    3.1534E+01    3.3000E-04
3.0790E+01  5.3876E-02 2.7170E+02    1.0046E-01    0.0000E+00    0.0000E+00    0.0000E+00    3.3488E+01    3.3000E-04
2.9592E+01  6.1929E-02 2.7404E+02    1.0621E-01    0.0000E+00    0.0000E+00    0.0000E+00    3.5637E+01    3.3000E-04
2.8400E+01  7.1027E-02 2.7657E+02    1.1120E-01    0.0000E+00    0.0000E+00    0.0000E+00    3.8066E+01    3.3000E-04
2.7216E+01  8.1277E-02 2.7909E+02    1.1561E-01    0.0000E+00    0.0000E+00    0.0000E+00    4.0615E+01    3.3000E-04
2.6039E+01  9.2797E-02 2.8160E+02    1.2043E-01    0.0000E+00    0.0000E+00    0.0000E+00    4.3267E+01    3.3000E-04
2.4870E+01  1.0571E-01 2.8410E+02    1.2473E-01    0.0000E+00    0.0000E+00    0.0000E+00    4.6047E+01    3.3000E-04
2.3710E+01  1.2015E-01 2.8658E+02    1.2945E-01    0.0000E+00    0.0000E+00    0.0000E+00    4.8936E+01    3.3000E-04
2.2559E+01  1.3626E-01 2.8906E+02    1.3358E-01    0.0000E+00    0.0000E+00    0.0000E+00    5.1959E+01    3.3000E-04
2.1417E+01  1.5418E-01 2.9151E+02    1.3823E-01    0.0000E+00    0.0000E+00    0.0000E+00    5.5100E+01    3.3000E-04
2.0285E+01  1.7406E-01 2.9396E+02    1.4213E-01    0.0000E+00    0.0000E+00    0.0000E+00    5.8381E+01    3.3000E-04
1.9163E+01  1.9606E-01 2.9640E+02    1.4678E-01    0.0000E+00    0.0000E+00    0.0000E+00    6.1788E+01    3.3000E-04
1.8052E+01  2.2034E-01 2.9882E+02    1.5036E-01    0.0000E+00    0.0000E+00    0.0000E+00    6.5338E+01    3.3000E-04
1.6952E+01  2.4708E-01 3.0123E+02    1.5506E-01    0.0000E+00    0.0000E+00    0.0000E+00    6.9026E+01    3.3000E-04
1.5864E+01  2.7644E-01 3.0362E+02    1.5826E-01    0.0000E+00    0.0000E+00    0.0000E+00    7.2859E+01    3.3000E-04
1.4788E+01  3.0859E-01 3.0600E+02    1.6305E-01    0.0000E+00    0.0000E+00    0.0000E+00    7.6842E+01    3.3000E-04
1.3725E+01  3.4371E-01 3.0835E+02    1.6577E-01    0.0000E+00    0.0000E+00    0.0000E+00    8.0967E+01    3.3000E-04
1.2675E+01  3.8196E-01 3.1070E+02    1.7072E-01    0.0000E+00    0.0000E+00    0.0000E+00    8.5258E+01    3.3000E-04
1.1638E+01  4.2351E-01 3.1302E+02    1.7317E-01    0.0000E+00    0.0000E+00    0.0000E+00    8.9689E+01    3.3000E-04
1.0615E+01  4.6852E-01 3.1532E+02    1.7804E-01    0.0000E+00    0.0000E+00    0.0000E+00    9.4302E+01    3.3000E-04
9.6070E+00  5.1715E-01 3.1760E+02    1.8076E-01    0.0000E+00    0.0000E+00    0.0000E+00    9.9057E+01    3.3000E-04
8.6135E+00  5.6955E-01 3.1987E+02    1.8501E-01    0.0000E+00    0.0000E+00    0.0000E+00    1.0400E+02    3.3000E-04
7.6352E+00  6.2584E-01 3.2210E+02    1.8804E-01    0.0000E+00    0.0000E+00    0.0000E+00    1.0909E+02    3.3000E-04
6.6728E+00  6.8614E-01 3.2432E+02    1.9156E-01    0.0000E+00    0.0000E+00    0.0000E+00    1.1436E+02    3.3000E-04
5.7266E+00  7.5057E-01 3.2651E+02    1.9496E-01    0.0000E+00    0.0000E+00    0.0000E+00    1.1979E+02    3.3000E-04
4.7971E+00  8.1920E-01 3.2867E+02    1.9758E-01    0.0000E+00    0.0000E+00    0.0000E+00    1.2539E+02    3.3000E-04
3.8847E+00  8.9209E-01 3.3080E+02    2.0142E-01    0.0000E+00    0.0000E+00    0.0000E+00    1.3116E+02    3.3000E-04
2.9899E+00  9.6928E-01 3.3290E+02    2.0347E-01    0.0000E+00    0.0000E+00    0.0000E+00    1.3708E+02    3.3000E-04
2.1132E+00  1.0508E+00 3.3497E+02    2.0733E-01    0.0000E+00    0.0000E+00    0.0000E+00    1.4319E+02    3.3000E-04
1.2549E+00  1.1366E+00 3.3700E+02    2.0989E-01    0.0000E+00    0.0000E+00    0.0000E+00    1.4943E+02    3.3000E-04
4.1556E-01  1.2266E+00 3.3901E+02    2.1259E-01    0.0000E+00    0.0000E+00    0.0000E+00    1.5585E+02    3.3000E-04
0.0000E+00  1.2735E+00 3.4000E+02    2.1437E-01    0.0000E+00    0.0000E+00    0.0000E+00    1.5914E+02    3.3000E-04

