     ALT          P          T          FH2O           O3           THEAT        TCOOL        PSATCO2        FCO2
1.1386E+02  1.1586E-08 2.0000E+02    1.4559E-05    0.0000E+00    0.0000E+00    0.0000E+00    1.5785E+00    3.3000E-04
1.1203E+02  1.5536E-08 2.0000E+02    1.4559E-05    0.0000E+00    0.0000E+00    0.0000E+00    1.5785E+00    3.3000E-04
1.1022E+02  2.0786E-08 2.0000E+02    1.4559E-05    0.0000E+00    0.0000E+00    0.0000E+00    1.5785E+00    3.3000E-04
1.0842E+02  2.7748E-08 2.0000E+02    1.4559E-05    0.0000E+00    0.0000E+00    0.0000E+00    1.5785E+00    3.3000E-04
1.0663E+02  3.6960E-08 2.0000E+02    1.4559E-05    0.0000E+00    0.0000E+00    0.0000E+00    1.5785E+00    3.3000E-04
1.0486E+02  4.9120E-08 2.0000E+02    1.4559E-05    0.0000E+00    0.0000E+00    0.0000E+00    1.5785E+00    3.3000E-04
1.0311E+02  6.5136E-08 2.0000E+02    1.4559E-05    0.0000E+00    0.0000E+00    0.0000E+00    1.5785E+00    3.3000E-04
1.0137E+02  8.6183E-08 2.0000E+02    1.4559E-05    0.0000E+00    0.0000E+00    0.0000E+00    1.5785E+00    3.3000E-04
9.9641E+01  1.1378E-07 2.0000E+02    1.4559E-05    0.0000E+00    0.0000E+00    0.0000E+00    1.5785E+00    3.3000E-04
9.7930E+01  1.4987E-07 2.0000E+02    1.4559E-05    0.0000E+00    0.0000E+00    0.0000E+00    1.5785E+00    3.3000E-04
9.6233E+01  1.9698E-07 2.0000E+02    1.4559E-05    0.0000E+00    0.0000E+00    0.0000E+00    1.5785E+00    3.3000E-04
9.4552E+01  2.5832E-07 2.0000E+02    1.4559E-05    0.0000E+00    0.0000E+00    0.0000E+00    1.5785E+00    3.3000E-04
9.2885E+01  3.3800E-07 2.0000E+02    1.4559E-05    0.0000E+00    0.0000E+00    0.0000E+00    1.5785E+00    3.3000E-04
9.1233E+01  4.4129E-07 2.0000E+02    1.4559E-05    0.0000E+00    0.0000E+00    0.0000E+00    1.5785E+00    3.3000E-04
8.9595E+01  5.7485E-07 2.0000E+02    1.4559E-05    0.0000E+00    0.0000E+00    0.0000E+00    1.5785E+00    3.3000E-04
8.7972E+01  7.4717E-07 2.0000E+02    1.4559E-05    0.0000E+00    0.0000E+00    0.0000E+00    1.5785E+00    3.3000E-04
8.6363E+01  9.6900E-07 2.0000E+02    1.4559E-05    0.0000E+00    0.0000E+00    0.0000E+00    1.5785E+00    3.3000E-04
8.4769E+01  1.2539E-06 2.0000E+02    1.4559E-05    0.0000E+00    0.0000E+00    0.0000E+00    1.5785E+00    3.3000E-04
8.3190E+01  1.6189E-06 2.0000E+02    1.4559E-05    0.0000E+00    0.0000E+00    0.0000E+00    1.5785E+00    3.3000E-04
8.1625E+01  2.0856E-06 2.0000E+02    1.4559E-05    0.0000E+00    0.0000E+00    0.0000E+00    1.5785E+00    3.3000E-04
8.0075E+01  2.6808E-06 2.0000E+02    1.4559E-05    0.0000E+00    0.0000E+00    0.0000E+00    1.5785E+00    3.3000E-04
7.8539E+01  3.4382E-06 2.0000E+02    1.4559E-05    0.0000E+00    0.0000E+00    0.0000E+00    1.5785E+00    3.3000E-04
7.7018E+01  4.3999E-06 2.0000E+02    1.4559E-05    0.0000E+00    0.0000E+00    0.0000E+00    1.5785E+00    3.3000E-04
7.5511E+01  5.6179E-06 2.0000E+02    1.4559E-05    0.0000E+00    0.0000E+00    0.0000E+00    1.5785E+00    3.3000E-04
7.4018E+01  7.1572E-06 2.0000E+02    1.4559E-05    0.0000E+00    0.0000E+00    0.0000E+00    1.5785E+00    3.3000E-04
7.2540E+01  9.0981E-06 2.0000E+02    1.4559E-05    0.0000E+00    0.0000E+00    0.0000E+00    1.5785E+00    3.3000E-04
7.1076E+01  1.1540E-05 2.0000E+02    1.4559E-05    0.0000E+00    0.0000E+00    0.0000E+00    1.5785E+00    3.3000E-04
6.9627E+01  1.4604E-05 2.0000E+02    1.4559E-05    0.0000E+00    0.0000E+00    0.0000E+00    1.5785E+00    3.3000E-04
6.8192E+01  1.8440E-05 2.0000E+02    1.4559E-05    0.0000E+00    0.0000E+00    0.0000E+00    1.5785E+00    3.3000E-04
6.6771E+01  2.3233E-05 2.0000E+02    1.4559E-05    0.0000E+00    0.0000E+00    0.0000E+00    1.5785E+00    3.3000E-04
6.5364E+01  2.9206E-05 2.0000E+02    1.4559E-05    0.0000E+00    0.0000E+00    0.0000E+00    1.5785E+00    3.3000E-04
6.3972E+01  3.6634E-05 2.0000E+02    1.4559E-05    0.0000E+00    0.0000E+00    0.0000E+00    1.5785E+00    3.3000E-04
6.2594E+01  4.5848E-05 2.0000E+02    1.4559E-05    0.0000E+00    0.0000E+00    0.0000E+00    1.5785E+00    3.3000E-04
6.1231E+01  5.7253E-05 2.0000E+02    1.4559E-05    0.0000E+00    0.0000E+00    0.0000E+00    1.5785E+00    3.3000E-04
5.9881E+01  7.1335E-05 2.0000E+02    1.4559E-05    0.0000E+00    0.0000E+00    0.0000E+00    1.5785E+00    3.3000E-04
5.8546E+01  8.8684E-05 2.0000E+02    1.4559E-05    0.0000E+00    0.0000E+00    0.0000E+00    1.5785E+00    3.3000E-04
5.7225E+01  1.1001E-04 2.0000E+02    1.4559E-05    0.0000E+00    0.0000E+00    0.0000E+00    1.5785E+00    3.3000E-04
5.5918E+01  1.3615E-04 2.0000E+02    1.4559E-05    0.0000E+00    0.0000E+00    0.0000E+00    1.5785E+00    3.3000E-04
5.4625E+01  1.6814E-04 2.0000E+02    1.4559E-05    0.0000E+00    0.0000E+00    0.0000E+00    1.5785E+00    3.3000E-04
5.3347E+01  2.0718E-04 2.0000E+02    1.4559E-05    0.0000E+00    0.0000E+00    0.0000E+00    1.5785E+00    3.3000E-04
5.2082E+01  2.5471E-04 2.0000E+02    1.4559E-05    0.0000E+00    0.0000E+00    0.0000E+00    1.5785E+00    3.3000E-04
5.0832E+01  3.1246E-04 2.0000E+02    1.4559E-05    0.0000E+00    0.0000E+00    0.0000E+00    1.5785E+00    3.3000E-04
4.9596E+01  3.8245E-04 2.0000E+02    1.4559E-05    0.0000E+00    0.0000E+00    0.0000E+00    1.5785E+00    3.3000E-04
4.8374E+01  4.6707E-04 2.0000E+02    1.4559E-05    0.0000E+00    0.0000E+00    0.0000E+00    1.5785E+00    3.3000E-04
4.7166E+01  5.6915E-04 2.0000E+02    1.4559E-05    0.0000E+00    0.0000E+00    0.0000E+00    1.5785E+00    3.3000E-04
4.5972E+01  6.9199E-04 2.0000E+02    1.4559E-05    0.0000E+00    0.0000E+00    0.0000E+00    1.5785E+00    3.3000E-04
4.4792E+01  8.3949E-04 2.0000E+02    1.4559E-05    0.0000E+00    0.0000E+00    0.0000E+00    1.5785E+00    3.3000E-04
4.3626E+01  1.0162E-03 2.0000E+02    1.4559E-05    0.0000E+00    0.0000E+00    0.0000E+00    1.5785E+00    3.3000E-04
4.2474E+01  1.2273E-03 2.0000E+02    1.4559E-05    0.0000E+00    0.0000E+00    0.0000E+00    1.5785E+00    3.3000E-04
4.1336E+01  1.4789E-03 2.0000E+02    1.4559E-05    0.0000E+00    0.0000E+00    0.0000E+00    1.5785E+00    3.3000E-04
4.0212E+01  1.7783E-03 2.0000E+02    1.4559E-05    0.0000E+00    0.0000E+00    0.0000E+00    1.5785E+00    3.3000E-04
3.9102E+01  2.1334E-03 2.0000E+02    1.4559E-05    0.0000E+00    0.0000E+00    0.0000E+00    1.5785E+00    3.3000E-04
3.8006E+01  2.5538E-03 2.0000E+02    1.4559E-05    0.0000E+00    0.0000E+00    0.0000E+00    1.5785E+00    3.3000E-04
3.6923E+01  3.0502E-03 2.0000E+02    1.4559E-05    0.0000E+00    0.0000E+00    0.0000E+00    1.5785E+00    3.3000E-04
3.5855E+01  3.6351E-03 2.0000E+02    1.4559E-05    0.0000E+00    0.0000E+00    0.0000E+00    1.5785E+00    3.3000E-04
3.4801E+01  4.3224E-03 2.0000E+02    1.4559E-05    0.0000E+00    0.0000E+00    0.0000E+00    1.5785E+00    3.3000E-04
3.3760E+01  5.1283E-03 2.0000E+02    1.4559E-05    0.0000E+00    0.0000E+00    0.0000E+00    1.5785E+00    3.3000E-04
3.2734E+01  6.0709E-03 2.0000E+02    1.4559E-05    0.0000E+00    0.0000E+00    0.0000E+00    1.5785E+00    3.3000E-04
3.1721E+01  7.1708E-03 2.0000E+02    1.4559E-05    0.0000E+00    0.0000E+00    0.0000E+00    1.5785E+00    3.3000E-04
3.0722E+01  8.4512E-03 2.0000E+02    1.4559E-05    0.0000E+00    0.0000E+00    0.0000E+00    1.5785E+00    3.3000E-04
2.9737E+01  9.9380E-03 2.0000E+02    1.4559E-05    0.0000E+00    0.0000E+00    0.0000E+00    1.5785E+00    3.3000E-04
2.8766E+01  1.1660E-02 2.0000E+02    1.4559E-05    0.0000E+00    0.0000E+00    0.0000E+00    1.5785E+00    3.3000E-04
2.7809E+01  1.3651E-02 2.0000E+02    1.4559E-05    0.0000E+00    0.0000E+00    0.0000E+00    1.5785E+00    3.3000E-04
2.6865E+01  1.5946E-02 2.0000E+02    1.4559E-05    0.0000E+00    0.0000E+00    0.0000E+00    1.5785E+00    3.3000E-04
2.5935E+01  1.8585E-02 2.0000E+02    1.4559E-05    0.0000E+00    0.0000E+00    0.0000E+00    1.5785E+00    3.3000E-04
2.5019E+01  2.1613E-02 2.0000E+02    1.4559E-05    0.0000E+00    0.0000E+00    0.0000E+00    1.5785E+00    3.3000E-04
2.4117E+01  2.5078E-02 2.0000E+02    1.4559E-05    0.0000E+00    0.0000E+00    0.0000E+00    1.5785E+00    3.3000E-04
2.3228E+01  2.9035E-02 2.0000E+02    1.4559E-05    0.0000E+00    0.0000E+00    0.0000E+00    1.5785E+00    3.3000E-04
2.2353E+01  3.3541E-02 2.0000E+02    1.4559E-05    0.0000E+00    0.0000E+00    0.0000E+00    1.5785E+00    3.3000E-04
2.1492E+01  3.8659E-02 2.0000E+02    1.4559E-05    0.0000E+00    0.0000E+00    0.0000E+00    1.5785E+00    3.3000E-04
2.0645E+01  4.4460E-02 2.0000E+02    1.4559E-05    0.0000E+00    0.0000E+00    0.0000E+00    1.5785E+00    3.3000E-04
1.9811E+01  5.1018E-02 2.0000E+02    1.4559E-05    0.0000E+00    0.0000E+00    0.0000E+00    1.5785E+00    3.3000E-04
1.8991E+01  5.8413E-02 2.0000E+02    1.4559E-05    0.0000E+00    0.0000E+00    0.0000E+00    1.5785E+00    3.3000E-04
1.8185E+01  6.6732E-02 2.0000E+02    1.4559E-05    0.0000E+00    0.0000E+00    0.0000E+00    1.5785E+00    3.3000E-04
1.7393E+01  7.6065E-02 2.0000E+02    1.4559E-05    0.0000E+00    0.0000E+00    0.0000E+00    1.5785E+00    3.3000E-04
1.6614E+01  8.6511E-02 2.0000E+02    1.4559E-05    0.0000E+00    0.0000E+00    0.0000E+00    1.5785E+00    3.3000E-04
1.5848E+01  9.8173E-02 2.0000E+02    1.4559E-05    0.0000E+00    0.0000E+00    0.0000E+00    1.5785E+00    3.3000E-04
1.5097E+01  1.1116E-01 2.0000E+02    1.4559E-05    0.0000E+00    0.0000E+00    0.0000E+00    1.5785E+00    3.3000E-04
1.4359E+01  1.2558E-01 2.0000E+02    1.4559E-05    0.0000E+00    0.0000E+00    0.0000E+00    1.5785E+00    3.3000E-04
1.3634E+01  1.4157E-01 2.0000E+02    1.4559E-05    0.0000E+00    0.0000E+00    0.0000E+00    1.5785E+00    3.3000E-04
1.2924E+01  1.5923E-01 2.0000E+02    1.4559E-05    0.0000E+00    0.0000E+00    0.0000E+00    1.5785E+00    3.3000E-04
1.2227E+01  1.7869E-01 2.0000E+02    1.4559E-05    0.0000E+00    0.0000E+00    0.0000E+00    1.5785E+00    3.3000E-04
1.1543E+01  2.0009E-01 2.0000E+02    1.4559E-05    0.0000E+00    0.0000E+00    0.0000E+00    1.5785E+00    3.3000E-04
1.0873E+01  2.2355E-01 2.0000E+02    1.4559E-05    0.0000E+00    0.0000E+00    0.0000E+00    1.5785E+00    3.3000E-04
1.0217E+01  2.4921E-01 2.0000E+02    1.4559E-05    0.0000E+00    0.0000E+00    0.0000E+00    1.5785E+00    3.3000E-04
9.5642E+00  2.7720E-01 2.0598E+02    1.4559E-05    0.0000E+00    0.0000E+00    0.0000E+00    2.4791E+00    3.3000E-04
8.9064E+00  3.0765E-01 2.1223E+02    3.1529E-05    0.0000E+00    0.0000E+00    0.0000E+00    3.8660E+00    3.3000E-04
8.2434E+00  3.4068E-01 2.1850E+02    6.5213E-05    0.0000E+00    0.0000E+00    0.0000E+00    5.6289E+00    3.3000E-04
7.5762E+00  3.7641E-01 2.2475E+02    1.2883E-04    0.0000E+00    0.0000E+00    0.0000E+00    7.2821E+00    3.3000E-04
6.9056E+00  4.1498E-01 2.3094E+02    2.4279E-04    0.0000E+00    0.0000E+00    0.0000E+00    9.2543E+00    3.3000E-04
6.2328E+00  4.5647E-01 2.3700E+02    4.3552E-04    0.0000E+00    0.0000E+00    0.0000E+00    1.1548E+01    3.3000E-04
5.5590E+00  5.0100E-01 2.4287E+02    7.4154E-04    0.0000E+00    0.0000E+00    0.0000E+00    1.4143E+01    3.3000E-04
4.8857E+00  5.4866E-01 2.4847E+02    1.1958E-03    0.0000E+00    0.0000E+00    0.0000E+00    1.6994E+01    3.3000E-04
4.2143E+00  5.9950E-01 2.5373E+02    1.8256E-03    0.0000E+00    0.0000E+00    0.0000E+00    2.0038E+01    3.3000E-04
3.5465E+00  6.5361E-01 2.5861E+02    2.6437E-03    0.0000E+00    0.0000E+00    0.0000E+00    2.3205E+01    3.3000E-04
2.8839E+00  7.1102E-01 2.6312E+02    3.6470E-03    0.0000E+00    0.0000E+00    0.0000E+00    2.6436E+01    3.3000E-04
2.2279E+00  7.7174E-01 2.6725E+02    4.8190E-03    0.0000E+00    0.0000E+00    0.0000E+00    2.9682E+01    3.3000E-04
1.5801E+00  8.3580E-01 2.7105E+02    6.1360E-03    0.0000E+00    0.0000E+00    0.0000E+00    3.2912E+01    3.3000E-04
9.4148E-01  9.0315E-01 2.7468E+02    7.6526E-03    0.0000E+00    0.0000E+00    0.0000E+00    3.6240E+01    3.3000E-04
3.1276E-01  9.7377E-01 2.7826E+02    9.0435E-03    0.0000E+00    0.0000E+00    0.0000E+00    3.9764E+01    3.3000E-04
0.0000E+00  1.0106E+00 2.8000E+02    9.9355E-03    0.0000E+00    0.0000E+00    0.0000E+00    4.1560E+01    3.3000E-04