     ALT          P          T          FH2O           O3           THEAT        TCOOL        PSATCO2        FCO2
1.3059E+02  1.1608E-08 2.0000E+02    1.9971E-03    0.0000E+00    0.0000E+00    0.0000E+00    1.5785E+00    3.3000E-04
1.2873E+02  1.5622E-08 2.0000E+02    1.9971E-03    0.0000E+00    0.0000E+00    0.0000E+00    1.5785E+00    3.3000E-04
1.2689E+02  2.0978E-08 2.0000E+02    1.9971E-03    0.0000E+00    0.0000E+00    0.0000E+00    1.5785E+00    3.3000E-04
1.2506E+02  2.8106E-08 2.0000E+02    1.9971E-03    0.0000E+00    0.0000E+00    0.0000E+00    1.5785E+00    3.3000E-04
1.2325E+02  3.7571E-08 2.0000E+02    1.9971E-03    0.0000E+00    0.0000E+00    0.0000E+00    1.5785E+00    3.3000E-04
1.2145E+02  5.0111E-08 2.0000E+02    1.9971E-03    0.0000E+00    0.0000E+00    0.0000E+00    1.5785E+00    3.3000E-04
1.1967E+02  6.6686E-08 2.0000E+02    1.9971E-03    0.0000E+00    0.0000E+00    0.0000E+00    1.5785E+00    3.3000E-04
1.1790E+02  8.8544E-08 2.0000E+02    1.9971E-03    0.0000E+00    0.0000E+00    0.0000E+00    1.5785E+00    3.3000E-04
1.1615E+02  1.1730E-07 2.0000E+02    1.9971E-03    0.0000E+00    0.0000E+00    0.0000E+00    1.5785E+00    3.3000E-04
1.1441E+02  1.5505E-07 2.0000E+02    1.9971E-03    0.0000E+00    0.0000E+00    0.0000E+00    1.5785E+00    3.3000E-04
1.1269E+02  2.0449E-07 2.0000E+02    1.9971E-03    0.0000E+00    0.0000E+00    0.0000E+00    1.5785E+00    3.3000E-04
1.1098E+02  2.6907E-07 2.0000E+02    1.9971E-03    0.0000E+00    0.0000E+00    0.0000E+00    1.5785E+00    3.3000E-04
1.0929E+02  3.5327E-07 2.0000E+02    1.9971E-03    0.0000E+00    0.0000E+00    0.0000E+00    1.5785E+00    3.3000E-04
1.0761E+02  4.6276E-07 2.0000E+02    1.9971E-03    0.0000E+00    0.0000E+00    0.0000E+00    1.5785E+00    3.3000E-04
1.0595E+02  6.0483E-07 2.0000E+02    1.9971E-03    0.0000E+00    0.0000E+00    0.0000E+00    1.5785E+00    3.3000E-04
1.0430E+02  7.8873E-07 2.0000E+02    1.9971E-03    0.0000E+00    0.0000E+00    0.0000E+00    1.5785E+00    3.3000E-04
1.0266E+02  1.0262E-06 2.0000E+02    1.9971E-03    0.0000E+00    0.0000E+00    0.0000E+00    1.5785E+00    3.3000E-04
1.0104E+02  1.3323E-06 2.0000E+02    1.9971E-03    0.0000E+00    0.0000E+00    0.0000E+00    1.5785E+00    3.3000E-04
9.9440E+01  1.7256E-06 2.0000E+02    1.9971E-03    0.0000E+00    0.0000E+00    0.0000E+00    1.5785E+00    3.3000E-04
9.7851E+01  2.2301E-06 2.0000E+02    1.9971E-03    0.0000E+00    0.0000E+00    0.0000E+00    1.5785E+00    3.3000E-04
9.6276E+01  2.8756E-06 2.0000E+02    1.9971E-03    0.0000E+00    0.0000E+00    0.0000E+00    1.5785E+00    3.3000E-04
9.4716E+01  3.6997E-06 2.0000E+02    1.9971E-03    0.0000E+00    0.0000E+00    0.0000E+00    1.5785E+00    3.3000E-04
9.3171E+01  4.7491E-06 2.0000E+02    1.9971E-03    0.0000E+00    0.0000E+00    0.0000E+00    1.5785E+00    3.3000E-04
9.1640E+01  6.0824E-06 2.0000E+02    1.9971E-03    0.0000E+00    0.0000E+00    0.0000E+00    1.5785E+00    3.3000E-04
9.0124E+01  7.7726E-06 2.0000E+02    1.9971E-03    0.0000E+00    0.0000E+00    0.0000E+00    1.5785E+00    3.3000E-04
8.8623E+01  9.9101E-06 2.0000E+02    1.9971E-03    0.0000E+00    0.0000E+00    0.0000E+00    1.5785E+00    3.3000E-04
8.7136E+01  1.2607E-05 2.0000E+02    1.9971E-03    0.0000E+00    0.0000E+00    0.0000E+00    1.5785E+00    3.3000E-04
8.5664E+01  1.6002E-05 2.0000E+02    1.9971E-03    0.0000E+00    0.0000E+00    0.0000E+00    1.5785E+00    3.3000E-04
8.4207E+01  2.0265E-05 2.0000E+02    1.9971E-03    0.0000E+00    0.0000E+00    0.0000E+00    1.5785E+00    3.3000E-04
8.2764E+01  2.5606E-05 2.0000E+02    1.9971E-03    0.0000E+00    0.0000E+00    0.0000E+00    1.5785E+00    3.3000E-04
8.1335E+01  3.2282E-05 2.0000E+02    1.9971E-03    0.0000E+00    0.0000E+00    0.0000E+00    1.5785E+00    3.3000E-04
7.9921E+01  4.0607E-05 2.0000E+02    1.9971E-03    0.0000E+00    0.0000E+00    0.0000E+00    1.5785E+00    3.3000E-04
7.8522E+01  5.0964E-05 2.0000E+02    1.9971E-03    0.0000E+00    0.0000E+00    0.0000E+00    1.5785E+00    3.3000E-04
7.7137E+01  6.3819E-05 2.0000E+02    1.9971E-03    0.0000E+00    0.0000E+00    0.0000E+00    1.5785E+00    3.3000E-04
7.5766E+01  7.9736E-05 2.0000E+02    1.9971E-03    0.0000E+00    0.0000E+00    0.0000E+00    1.5785E+00    3.3000E-04
7.4410E+01  9.9399E-05 2.0000E+02    1.9971E-03    0.0000E+00    0.0000E+00    0.0000E+00    1.5785E+00    3.3000E-04
7.3068E+01  1.2363E-04 2.0000E+02    1.9971E-03    0.0000E+00    0.0000E+00    0.0000E+00    1.5785E+00    3.3000E-04
7.1741E+01  1.5343E-04 2.0000E+02    1.9971E-03    0.0000E+00    0.0000E+00    0.0000E+00    1.5785E+00    3.3000E-04
7.0428E+01  1.8997E-04 2.0000E+02    1.9971E-03    0.0000E+00    0.0000E+00    0.0000E+00    1.5785E+00    3.3000E-04
6.9130E+01  2.3470E-04 2.0000E+02    1.9971E-03    0.0000E+00    0.0000E+00    0.0000E+00    1.5785E+00    3.3000E-04
6.7845E+01  2.8930E-04 2.0000E+02    1.9971E-03    0.0000E+00    0.0000E+00    0.0000E+00    1.5785E+00    3.3000E-04
6.6576E+01  3.5579E-04 2.0000E+02    1.9971E-03    0.0000E+00    0.0000E+00    0.0000E+00    1.5785E+00    3.3000E-04
6.5320E+01  4.3659E-04 2.0000E+02    1.9971E-03    0.0000E+00    0.0000E+00    0.0000E+00    1.5785E+00    3.3000E-04
6.4079E+01  5.3453E-04 2.0000E+02    1.9971E-03    0.0000E+00    0.0000E+00    0.0000E+00    1.5785E+00    3.3000E-04
6.2852E+01  6.5297E-04 2.0000E+02    1.9971E-03    0.0000E+00    0.0000E+00    0.0000E+00    1.5785E+00    3.3000E-04
6.1639E+01  7.9586E-04 2.0000E+02    1.9971E-03    0.0000E+00    0.0000E+00    0.0000E+00    1.5785E+00    3.3000E-04
6.0441E+01  9.6784E-04 2.0000E+02    1.9971E-03    0.0000E+00    0.0000E+00    0.0000E+00    1.5785E+00    3.3000E-04
5.9257E+01  1.1743E-03 2.0000E+02    1.9971E-03    0.0000E+00    0.0000E+00    0.0000E+00    1.5785E+00    3.3000E-04
5.8076E+01  1.4217E-03 2.0357E+02    1.9971E-03    0.0000E+00    0.0000E+00    0.0000E+00    2.0741E+00    3.3000E-04
5.6879E+01  1.7172E-03 2.1044E+02    4.4208E-03    0.0000E+00    0.0000E+00    0.0000E+00    3.4147E+00    3.3000E-04
5.5661E+01  2.0695E-03 2.1595E+02    7.7087E-03    0.0000E+00    0.0000E+00    0.0000E+00    4.9736E+00    3.3000E-04
5.4427E+01  2.4885E-03 2.2053E+02    1.1572E-02    0.0000E+00    0.0000E+00    0.0000E+00    6.1332E+00    3.3000E-04
5.3183E+01  2.9856E-03 2.2452E+02    1.5806E-02    0.0000E+00    0.0000E+00    0.0000E+00    7.2172E+00    3.3000E-04
5.1932E+01  3.5740E-03 2.2811E+02    2.0278E-02    0.0000E+00    0.0000E+00    0.0000E+00    8.3087E+00    3.3000E-04
5.0677E+01  4.2686E-03 2.3140E+02    2.4908E-02    0.0000E+00    0.0000E+00    0.0000E+00    9.4184E+00    3.3000E-04
4.9418E+01  5.0868E-03 2.3449E+02    2.9639E-02    0.0000E+00    0.0000E+00    0.0000E+00    1.0555E+01    3.3000E-04
4.8158E+01  6.0482E-03 2.3743E+02    3.4435E-02    0.0000E+00    0.0000E+00    0.0000E+00    1.1724E+01    3.3000E-04
4.6897E+01  7.1751E-03 2.4024E+02    3.9270E-02    0.0000E+00    0.0000E+00    0.0000E+00    1.2932E+01    3.3000E-04
4.5637E+01  8.4928E-03 2.4295E+02    4.4122E-02    0.0000E+00    0.0000E+00    0.0000E+00    1.4183E+01    3.3000E-04
4.4378E+01  1.0030E-02 2.4559E+02    4.8978E-02    0.0000E+00    0.0000E+00    0.0000E+00    1.5480E+01    3.3000E-04
4.3121E+01  1.1818E-02 2.4816E+02    5.3826E-02    0.0000E+00    0.0000E+00    0.0000E+00    1.6826E+01    3.3000E-04
4.1867E+01  1.3895E-02 2.5067E+02    5.8657E-02    0.0000E+00    0.0000E+00    0.0000E+00    1.8224E+01    3.3000E-04
4.0615E+01  1.6299E-02 2.5314E+02    6.3462E-02    0.0000E+00    0.0000E+00    0.0000E+00    1.9677E+01    3.3000E-04
3.9368E+01  1.9076E-02 2.5556E+02    6.8237E-02    0.0000E+00    0.0000E+00    0.0000E+00    2.1187E+01    3.3000E-04
3.8125E+01  2.2276E-02 2.5795E+02    7.2976E-02    0.0000E+00    0.0000E+00    0.0000E+00    2.2755E+01    3.3000E-04
3.6888E+01  2.5954E-02 2.6031E+02    7.7675E-02    0.0000E+00    0.0000E+00    0.0000E+00    2.4383E+01    3.3000E-04
3.5655E+01  3.0172E-02 2.6263E+02    8.2330E-02    0.0000E+00    0.0000E+00    0.0000E+00    2.6074E+01    3.3000E-04
3.4429E+01  3.4996E-02 2.6494E+02    8.6939E-02    0.0000E+00    0.0000E+00    0.0000E+00    2.7828E+01    3.3000E-04
3.3209E+01  4.0500E-02 2.6721E+02    9.1497E-02    0.0000E+00    0.0000E+00    0.0000E+00    2.9648E+01    3.3000E-04
3.1996E+01  4.6764E-02 2.6946E+02    9.6004E-02    0.0000E+00    0.0000E+00    0.0000E+00    3.1534E+01    3.3000E-04
3.0790E+01  5.3876E-02 2.7170E+02    1.0046E-01    0.0000E+00    0.0000E+00    0.0000E+00    3.3488E+01    3.3000E-04
2.9592E+01  6.1929E-02 2.7404E+02    1.0621E-01    0.0000E+00    0.0000E+00    0.0000E+00    3.5637E+01    3.3000E-04
2.8400E+01  7.1027E-02 2.7657E+02    1.1120E-01    0.0000E+00    0.0000E+00    0.0000E+00    3.8066E+01    3.3000E-04
2.7216E+01  8.1277E-02 2.7909E+02    1.1561E-01    0.0000E+00    0.0000E+00    0.0000E+00    4.0615E+01    3.3000E-04
2.6039E+01  9.2797E-02 2.8160E+02    1.2043E-01    0.0000E+00    0.0000E+00    0.0000E+00    4.3267E+01    3.3000E-04
2.4870E+01  1.0571E-01 2.8410E+02    1.2473E-01    0.0000E+00    0.0000E+00    0.0000E+00    4.6047E+01    3.3000E-04
2.3710E+01  1.2015E-01 2.8658E+02    1.2945E-01    0.0000E+00    0.0000E+00    0.0000E+00    4.8936E+01    3.3000E-04
2.2559E+01  1.3626E-01 2.8906E+02    1.3358E-01    0.0000E+00    0.0000E+00    0.0000E+00    5.1959E+01    3.3000E-04
2.1417E+01  1.5418E-01 2.9151E+02    1.3823E-01    0.0000E+00    0.0000E+00    0.0000E+00    5.5100E+01    3.3000E-04
2.0285E+01  1.7406E-01 2.9396E+02    1.4213E-01    0.0000E+00    0.0000E+00    0.0000E+00    5.8381E+01    3.3000E-04
1.9163E+01  1.9606E-01 2.9640E+02    1.4678E-01    0.0000E+00    0.0000E+00    0.0000E+00    6.1788E+01    3.3000E-04
1.8052E+01  2.2034E-01 2.9882E+02    1.5036E-01    0.0000E+00    0.0000E+00    0.0000E+00    6.5338E+01    3.3000E-04
1.6952E+01  2.4708E-01 3.0123E+02    1.5506E-01    0.0000E+00    0.0000E+00    0.0000E+00    6.9026E+01    3.3000E-04
1.5864E+01  2.7644E-01 3.0362E+02    1.5826E-01    0.0000E+00    0.0000E+00    0.0000E+00    7.2859E+01    3.3000E-04
1.4788E+01  3.0859E-01 3.0600E+02    1.6305E-01    0.0000E+00    0.0000E+00    0.0000E+00    7.6842E+01    3.3000E-04
1.3725E+01  3.4371E-01 3.0835E+02    1.6577E-01    0.0000E+00    0.0000E+00    0.0000E+00    8.0967E+01    3.3000E-04
1.2675E+01  3.8196E-01 3.1070E+02    1.7072E-01    0.0000E+00    0.0000E+00    0.0000E+00    8.5258E+01    3.3000E-04
1.1638E+01  4.2351E-01 3.1302E+02    1.7317E-01    0.0000E+00    0.0000E+00    0.0000E+00    8.9689E+01    3.3000E-04
1.0615E+01  4.6852E-01 3.1532E+02    1.7804E-01    0.0000E+00    0.0000E+00    0.0000E+00    9.4302E+01    3.3000E-04
9.6070E+00  5.1715E-01 3.1760E+02    1.8076E-01    0.0000E+00    0.0000E+00    0.0000E+00    9.9057E+01    3.3000E-04
8.6135E+00  5.6955E-01 3.1987E+02    1.8501E-01    0.0000E+00    0.0000E+00    0.0000E+00    1.0400E+02    3.3000E-04
7.6352E+00  6.2584E-01 3.2210E+02    1.8804E-01    0.0000E+00    0.0000E+00    0.0000E+00    1.0909E+02    3.3000E-04
6.6728E+00  6.8614E-01 3.2432E+02    1.9156E-01    0.0000E+00    0.0000E+00    0.0000E+00    1.1436E+02    3.3000E-04
5.7266E+00  7.5057E-01 3.2651E+02    1.9496E-01    0.0000E+00    0.0000E+00    0.0000E+00    1.1979E+02    3.3000E-04
4.7971E+00  8.1920E-01 3.2867E+02    1.9758E-01    0.0000E+00    0.0000E+00    0.0000E+00    1.2539E+02    3.3000E-04
3.8847E+00  8.9209E-01 3.3080E+02    2.0142E-01    0.0000E+00    0.0000E+00    0.0000E+00    1.3116E+02    3.3000E-04
2.9899E+00  9.6928E-01 3.3290E+02    2.0347E-01    0.0000E+00    0.0000E+00    0.0000E+00    1.3708E+02    3.3000E-04
2.1132E+00  1.0508E+00 3.3497E+02    2.0733E-01    0.0000E+00    0.0000E+00    0.0000E+00    1.4319E+02    3.3000E-04
1.2549E+00  1.1366E+00 3.3700E+02    2.0989E-01    0.0000E+00    0.0000E+00    0.0000E+00    1.4943E+02    3.3000E-04
4.1556E-01  1.2266E+00 3.3901E+02    2.1259E-01    0.0000E+00    0.0000E+00    0.0000E+00    1.5585E+02    3.3000E-04
0.0000E+00  1.2735E+00 3.4000E+02    2.1437E-01    0.0000E+00    0.0000E+00    0.0000E+00    1.5914E+02    3.3000E-04

